611883393
3523482243
237693310
1236510724
2464361083
3889773732
1776645214
2417121059
1952345281
1873517620
3140552821
2422916707
4243020953
3809086475
1531913100
686636389
4128186153
456385412
290664099
4177204751
305088216
2914938897
291262765
2029611513
1481295613
3306337592
4134127640
280599389
1304905064
752258507
1823081168
2679499511
3982891956
2737929349
2814890631
4154186978
737060920
2440059779
4230892455
2871280244
4086737966
57373119
3615376084
2450039865
1379038140
1650257196
1603427867
599529646
3929061709
261813008
2395381391
4097306162
1133768778
1190062922
3714723
3325348799
487680875
3258818857
3733731085
4100344537
3214984553
34220351
192221819
549472978
459441147
1725139684
4225395979
3093631645
3351121235
2396479817
3674394118
4035899874
774623775
53103101
475289166
3966166116
1169891627
3194709181
3647928122
4235455698
3152931732
325265918
1925051828
4193477490
549916773
1987789240
2180979626
454273830
3299049449
1918823337
797742038
3985129824
1721222775
4106375493
1245766867
618285479
1997500439
3703269880
216721071
565865793
4227877303
390737557
2171677709
3531060410
605501876
202087372
2167601676
633193751
394794977
420955700
1060551969
3194979530
3454514812
3066702187
2808635881
3162710948
586902656
3374632109
2836528971
1277364447
4155285137
1985893216
439982903
1973919494
2242881212
1589789429
2785651154
3438949769
2571787902
1018132652
66898584
3325738504
1432015905
1129644912
1208062902
3402540857
1858108374
1307263910
3403274200
4221089581
735668508
3579910575
1355476252
3782406439
854157766
1919982626
1816819391
3157202226
1629563305
1068896376
1168859055
147103821
3672202394
3768068368
949194071
1523534600
1120238495
3132111831
2622203053
2883449432
654387891
2293177671
2043133178
1058686066
2497823554
3323571593
3545724212
3440578932
2865427272
654676099
186490074
1575177931
315250931
3468518838
2054324418
2943259741
2011010478
1626315605
44309095
1943066538
4249725365
2313280326
2082477563
2332129258
491413273
2019345104
1632069646
1793927046
102711449
1152569158
3981406688
1460862506
3993492112
2884505536
1293014964
4122685228
2317435160
4248048102
623605342
2469611042
3260559875
2213209925
2147235280
784833130
2784386607
2118599241
2068732407
2028758756
1436912576
1949382475
360247668
3624089253
3056723955
2469782567
2823396342
1501186182
1563080609
2644622042
3619227325
2952261815
1817696471
1149438035
4278311674
1269591282
137783493
616016223
4177544321
1983345553
1272486993
2651610979
2293139637
2050992535
2928827702
3971889885
3320960931
1698100698
1062564301
2401447108
1043617226
394269395
1802515933
1134777865
2881388138
3197336211
2812056483
479715634
3536761115
2365642019
2725528456
556078247
1285292784
1031847258
1752734723
2842425914
2697551836
3889201174
527277192
2548549061
2711211463
2718710833
1819203316
405225811
3103201509
1630459781
2520090528
1845849999
1389164195
1910423709
1041993731
1531051504
1374950437
941622082
1326824681
1874544844
3403259965
376425891
3825988884
3614417489
3961194497
1416052368
3844333685
2524487151
2460553299
3537743012
2895133910
2566570518
2744421065
3211774130
2532131743
881121187
738142172
1808654092
3510373645
723495581
2435950449
2350447999
3302005514
1303807179
1038555412
4072695474
3830593950
817033546
3539934137
2820454999
524368375
3564296430
3014246412
3350511230
3840758451
2575365799
255138826
3475887139
1265944523
1778016061
1975222499
848736102
1897371095
3061914127
3416657220
192973901
2525468484
2008191533
4159288587
1103906909
3327023648
2060709520
1963328885
2704972807
4099486469
4164199115
1799823078
1696032498
313192774
2051654496
1984815636
813496282
16135454
4060524375
3789687862
1753060506
968724486
1283017706
3906557754
532333540
3127940784
3068855900
3730230969
2002937634
1484901817
269645094
2889185932
2767765607
3663529039
2224616480
1428236233
679902048
530636451
1824468526
3976768263
950701938
2255719606
3750496130
2904748107
624146796
2908341517
2935790363
788684139
2853451770
2752325656
753819178
238879508
2777220925
41458023
1947677169
1545593975
3243811095
3070369597
2733661751
2781664503
4294381674
1846832788
3174660011
1944073533
2847062854
1896827328
2336038459
2319931768
3196726946
960383101
1948078748
2622126802
746836913
1884284326
736583224
3499904480
427425264
601449778
2255179375
3501156268
323945959
348169160
1052103747
1803976007
4012666226
974918276
3103603308
2377127262
3094477570
3359583251
313516059
3992013360
523843462
1266194542
897245982
2092789873
4144682742
905057768
648528108
2502325664
712799411
1746098391
289998609
602484388
571000282
3242969739
2785032642
2847732311
1319374994
3207455380
2688482765
3830182059
2536285393
2781869163
442535428
3274221522
412658527
3352966165
631651082
2210571243
342491359
2199911557
1693890303
2507130871
587567967
3762207627
2105776544
1806571861
2363580784
3617562736
2210083623
2102537598
2849238487
2435899931
2732960536
4264310620
2953483022
3073910965
3117825770
2166024278
4220738454
3581485534
3093533927
231932686
1189060000
2961738999
3619568191
2671618166
635087203
1725143450
1383581275
2079578178
918913455
2188202542
1034566611
3911201766
887113412
1342030148
4125950347
2170620403
3248278705
2460113798
3394943203
1198414241
3459085052
682160195
1559282628
3203101627
3568517762
3272425615
293149266
4127456047
1905266505
925991003
166864554
2489949452
1050657474
3023100449
240623024
3392926117
1476786518
1815083327
3852843632
1111555090
844906342
777850601
632993825
3847427580
3081089329
2328578722
553131084
1808765235
4262972058
2234717
2722037227
3978453063
971966856
1222485477
2027856806
203252041
2688725020
1219397338
3913403350
4061714276
4160374953
1502332000
2675106431
1565685025
4268547148
1596085925
1618944259
2851619091
1728070405
2158258114
3827352311
1118528161
1983496574
1886812984
1967712184
1382270902
153537081
3286838063
3757644041
3057883333
4030286117
1820495934
3288081071
3869392856
2741495446
2900888581
2070486204
4059187882
365291785
3666441922
910939897
2599614027
298293958
27942764
1865459417
423549188
254201197
3611476935
945768626
1043448814
363219551
3046519019
2595627473
3767493690
3606944713
1682420148
2600906826
3172510757
1801717683
1759746839
3001624573
3355444681
3553345974
384748607
1344275780
933954616
1100799641
537530873
423779014
2820834687
618021615
763154931
688098635
2799313439
1975272213
1524546686
375891489
362025644
1735280204
4137213923
1431469674
532111681
381364933
3831331927
2620227797
2162508707
426485684
53391783
1180947808
2885062868
1378630975
1767838999
2685106054
4194351351
2166678835
3046376987
669254386
575227539
1105809271
1959681651
1530286081
4271584265
1576559200
776596931
3000105575
130449759
1212424454
3614585840
651250115
1786974653
786451781
4056834301
185016012
1155711018
855559574
4209131079
3459088132
4186287995
2662410481
667420326
992778684
4135099733
3809742827
2497606301
459802255
1461167664
233468221
2342379339
2921782312
3606470918
2062042303
1760826189
3520148538
2492721340
3320734106
3965659446
2223931908
1337475483
1011520883
2523842016
1368570275
2896996882
3014212529
3767720011
2132667684
3305541872
1568623247
2695782272
1436462416
3509097256
4276211332
4163825108
3216587123
727947616
1043350365
3486010181
2235599432
4162405689
3757120445
680088440
1696061209
1865476621
4130349342
3738391560
752609381
2088391177
1767892337
2457072480
3492483202
39701645
3289335200
898346914
1348279553
4270054948
1980959315
4095832332
1241176862
3473592588
22672709
653120293
1210658501
3819075401
4007487752
1892784231
325325225
2642542398
2936706310
603099266
2733315025
2429851042
2454938337
3368965435
1824425519
548735582
75888990
2208289563
3222144786
3230762459
1690121749
2619736384
3148805674
2843081417
289942673
4253443561
3897974077
946395961
17675303
3880900064
426632172
2276926103
837052986
1295195839
124413168
1112989150
2413317898
3390778626
1286190478
3609298483
137982880
2672935009
2130477564
3678606560
4139180576
2499971919
4022252933
138387452
3731604865
460875994
2362161474
1730628624
2652807218
49303424
3083630483
3507245355
52465611
3523405672
373684631
820103783
191219098
1631364004
2290449161
4256794471
3099141962
1345631763
4027500393
3258093174
2083454294
163696383
3379874102
483804438
2801379310
3079043090
267572931
1706952500
3162101790
827115554
2056924452
4043029562
1728048999
285465503
210867205
1200487483
1990540608
372822986
3226978996
1687760858
1984788814
2129377705
981118013
200647680
3427474672
1700564469
1613131712
1185240383
2203214194
3320074981
4006552648
521237967
425940934
1762423466
2016614273
4255605114
3362248357
4167507218
529871289
538820686
517769757
3449915103
1457918775
1232586842
1461626980
1803463086
4235315998
3701082342
1438602290
3866484765
3035744110
4138510487
2382933012
2720221962
2456273613
337669373
4037548675
393477863
3108628990
2153516366
3863930376
3282683691
2521876258
14663080
2874199444
1305237040
2438064466
1375939763
3146310238
2282245251
3824705258
3190722742
3454929031
4077148779
867336010
2744609509
1636971835
92164920
4251520792
610482631
1471134539
1464835439
492972652
4080181827
3217935434
2200463751
1679496794
2193100498
4186400009
548782750
4165032916
1543000557
3946933343
2948728321
1026071149
3986323629
3599281530
3106978301
2802738360
1508244308
3644804689
4290435479
2839435340
858925927
685602270
1243548448
3480516636
2812827174
2172185587
1064981305
292158077
2330728561
2544867397
4214229527
918823545
1720207167
3567456238
868795345
3260162719
2122850987
1445590570
911679761
3085485321
736969648
2910781849
1055177818
3206018670
2019081975
2496890898
4267579296
1972583178
1744375390
67108357
1518074305
3116679985
2730283008
1659339522
3363728607
1976803434
349016599
2541993926
4014768535
2290194884
326253451
2459735980
2877339894
2464757291
507297809
976679674
176966516
260048231
2078320815
512625661
602369054
3977130160
84577317
3081258120
2427107199
932638023
2629021425
777627217
3153507484
3878640814
3771008255
2680832288
1285147617
2309391269
1458776919
4179207657
1149414026
2286094345
4196947593
4232050678
2855595826
3174170876
82982456
675414642
858081159
365068021
2888880599
3753975398
3183796204
1073256841
1103796160
3924566700
1444858343
313514227
2163910726
299128646
789027595
1740845932
4065663409
683400509
3850297925
2149080120
1828679505
2629147474
3296389409
3712086805
2758187139
2737768042
3725424666
3309094130
173573717
4019196517
214510775
935298274
4252639724
1748965135
360154819
541277924
518889658
376033700
570332667
2338214225
1425194632
1226286167
2120004856
623106133
1823640907
1712753541
1873685191
2356781755
1713203927
379303239
2184999742
3844853088
2693280555
1869853560
1525395072
545471435
1527784902
3399035320
1530946411
2343244604
2832653794
646690485
673014300
2131265314
2197410469
8110071
4036390650
3213284978
1600534531
1832755555
3369346740
3926088046
4081234501
2457087498
305997339
3029785194
1972020938
2131153842
2985068025
3096027552
3081761517
2639163799
4221679410
539601809
2890736469
355643463
3410460123
1334460575
1906299634
536269245
2170070211
2660735823
1683010105
707801921
3090948763
2143271859
84687105
155927713
262834070
1930646738
1554401910
165429636
2304271039
3042817756
1652289671
291317135
1659662007
2633982795
4019203029
184659717
3260406029
3229536828
1545538437
1298927902
561986404
2340728051
2359115871
1487306792
1707208311
3304178947
161342346
951749480
2576460448
535996707
3374618372
1352550785
1820777608
1117307200
3589095199
1613024169
4249296853
3121133674
3618724751
1288412843
3956841863
154189702
2825689148
2447180027
2929824615
1662156858
232294348
141805080
1102430917
748838176
1980971356
842037473
2008047241
2596203027
359845216
1776911039
2274418592
1017568783
3825948839
1587204643
733053594
3017191375
3046927907
1917165391
3300640849
1725315512
187293158
2364401220
2790894155
3880456530
2618898926
56747222
467982753
2147767544
3748571989
3271357827
2693158102
3910114817
2530675089
1202370581
644439197
3686903271
2974101010
253311808
597191890
3201930465
1413254260
1236638580
3692262000
529887162
3823053411
634573246
915224668
1206845170
4024989680
1590505117
3300460948
2547516883
500405483
598199540
550094606
955899252
3042563024
2600852307
3508747584
866180919
868767584
851930468
2438044212
2236265504
3829997534
147145739
3958570064
3328228288
3090114487
3576428003
728706674
1500154276
3114936368
2468400242
2736056303
969978185
189951060
159098272
4033146218
879643640
2126246357
3138934637
2124810904
1980780141
4147489595
2930254020
3680602459
279651537
2962711986
394821187
3984434679
2065044410
447900695
1232131573
549907331
2033270434
2381780960
3582212086
4191696774
1452701890
3085070561
2547783738
1512200968
2100158366
3145482598
1327333642
12100644
2490437444
1841700381
1310815523
2834236185
3248184068
7858112
3006963633
2070525848
3663674696
4011548992
3118119147
1766656401
2407341547
3112685173
1626955726
2245689746
3711800038
1668607083
1864500987
1005849171
2048355284
4088037743
1199714748
1703521322
3207723296
932087433
2929269382
1427193892
2859779148
2057357439
1635854598
921159804
4051294245
1539566131
2772655359
2962807440
101361660
2874172600
460645570
865114537
4034466804
1877347619
374986665
1826924418
983065895
2115747840
1324165565
1160164074
3758175010
2928045063
2583966751
136301696
3943835600
3849176952
2051809392
1232991675
2676561846
320260973
1605838920
3063995320
2902003115
2970953351
3538555975
2201023885
3142003872
4167223312
2660703308
2740005454
819858204
2383162799
2407258818
3803758
3199598106
4204426498
2636120747
4013281283
2289869318
4189143789
1313713416
3282608095
1784318482
2671487637
544465176
3303702701
1845913380
1470751498
602343522
1328107291
3404348698
259622581
276040056
2742197607
2242373754
2535446786
1508643599
2946659883
1855692884
744154648
3517004369
4008728766
2706900985
3763239226
4272205292
2999833972
3965989748
1993165633
2263073577
1216989048
2616444673
3947097111
3577513663
2829146498
76048694
3932925882
4014599845
1813522806
1604929129
2460913219
623948528
3521316743
2283215622
4192052510
1372253059
2816017173
1777883784
672598285
3856153854
2931769849
697531440
3675842162
3239811863
2241669636
341014888
1077411220
3719957806
526308587
1876649724
3569927139
2463647605
2420153489
993754695
520918347
1789412549
442905542
3113187019
235666110
602756930
2287804846
3475247702
153107532
794200039
3435696327
2618070241
2724229926
3875280952
2371197468
1538276900
3758653954
209801861
3470685025
3603259476
839860823
4133887683
3524625038
1882553897
1101065882
588337814
1104722596
2601913964
3668903574
3786013546
2117129143
1920128210
274042855
2150106058
2552234430
3329061237
2420193299
1235334397
3604343920
437577000
3077352737
960009452
2223957630
3537636716
813029464
1090784962
313217433
1607868232
336721336
1094196905
2925340050
4273122286
2502328786
1322996986
2850617515
2282371571
372568708
1263546824
3612656638
2088604169
4208954634
1987441811
1534415218
3956667946
3734751060
1813724104
3028275445
450356935
1931678545
558994191
3767284984
1973644926
2063242894
4021970548
3862670762
1768963401
2025190466
1296129596
4008210722
695458088
4226520164
3961299757
851508015
356167530
4019753868
3515921919
4089008671
1758865967
1810362669
2632239316
385580615
3544431766
1159137825
4211142015
3427497972
83022158
1881097318
2214891563
3765537308
442876157
74074325
1050039407
4164269400
1112306058
3443535787
2470373222
3077500088
3858489395
2989859831
115510795
1866890493
3169519374
3042833553
210009146
1277084017
783911029
3015450949
1838526902
3124987343
2237198371
2657349401
4286504876
510229894
4271079249
3745136417
3328058730
1898520187
558713729
2143864590
488905530
608053395
1027281356
3275656542
2192883002
2116501708
3283564701
1081622054
2308047070
3459231529
1071598266
900038606
1990461390
3543233330
185512050
3498947504
3849057902
4278336188
3776087908
743854202
1162116151
424650499
2200269885
2457350769
2773313168
3770352145
1815152339
3726235786
101151786
968986787
904190002
520362047
3063991099
1129003881
199784130
1458588215
3236383405
3030503492
2190059626
2096268741
1755050383
3116645351
498224417
1686198068
3595442064
335056997
2635763614
33474185
818080851
352024913
2281833093
3510848044
1722297476
3994770119
1046163856
3473308529
1186789129
1658296980
1465673718
2119158760
2948584273
680365451
2314209603
2216728688
1836175520
2898552509
2791660282
308689012
824497478
1821431208
961643570
2391682835
4257804139
3980093076
1669601485
419107045
2751038279
303903153
632278328
4030132625
2010067007
1645481496
1380998829
117316566
3369946034
2783458212
171277716
2691245800
2259102758
1938874836
75118087
936624005
1738680550
4046549984
689723834
767208749
3623888091
3121951628
1608451692
3756771613
2951155526
3451736567
2653372452
229085213
2792314176
2964769821
1721917956
1282424796
2240002351
3987481540
1828213006
1085028703
646159317
896677545
996379459
2967004000
1623089733
1138570036
4087183547
4137069169
3295798923
1617332376
3216737422
2287827499
2434381247
1399706075
60057733
551254136
4092236502
797058958
2634044977
1543385185
1657553134
3035882330
893859672
750076840
1555495692
4284699421
3272766434
4157575434
898860082
1541745467
2704448328
2790482947
809701857
3541497058
4223941743
1463233815
1649772464
3789419451
4143532579
4246353899
2792882494
3701158409
3307469063
3990185787
1784837538
1646213855
2613741967
3795387937
1688803769
1184784931
2060157838
540262306
1874662139
3476233580
819393918
988256318
1070142843
3559433185
3189810923
3082473284
424181051
1520357817
757278712
3202298794
1359546813
3440928319
148781302
941023543
1847282092
920365275
3408794041
197919919
1540877996
4019105010
484902018
1363224516
4104767547
2524179788
1407640964
594753625
1057570737
2978034240
2736021504
3925520400
3301793344
150421714
2940735858
927418758
3248858688
1144447351
1348616153
78207495
1027524504
3098339126
3735260771
4066840952
2151525041
2001287209
707253599
3916663317
3185728515
4000845240
191667217
3418118331
3459434985
970606196
3093113768
2796295021
467775088
4122763602
756907821
468329576
1559069690
881751501
1375848802
1853235504
2405862138
2928132716
2178246736
2388148003
3512640449
43524781
4067495819
498963542
2018060731
2908574590
4020609848
930925224
554670953
2253134035
2105053924
2434121571
644100155
2814458817
17587653
3832159074
441383188
3097047065
2760660551
908196376
563838008
3822026958
537065882
2967859477
224946828
22051124
290456075
1770267597
432239719
167217578
965231742
3994869782
153163093
2831234215
1837105537
2602439809
3527456629
930511029
997429949
990277596
3296058236
3449193834
3149282565
3469217438
1981102926
1521610288
1749400511
3068399684
3509849754
1843345265
2150501118
2853014168
2141858186
3332156717
1985169688
2590554736
1101566736
1928489109
3892193863
3990975379
3514413043
2725900237
4143290976
34308400
555621414
1513863886
1995257302
3391973190
3887168822
566205906
3305057719
2835013719
1236784839
2825856444
1766316051
681456382
3050109561
804437773
3710195542
2631643684
564718095
1287356987
2407453324
4001213176
1603684583
519139797
3785697185
1905165823
3901540557
1746354842
2337939614
2067423831
1539810922
908810990
1749249616
2502748417
3891288592
2455111251
2426989955
1502330004
2791086485
1667046247
2390333171
2093689214
919388695
1342759036
465447593
453522228
4142415003
3901415905
1959094724
1710070569
3565792515
3267604506
1086701955
440056957
1928734528
2771686135
3850911055
3155340074
4245537176
391156674
413944410
1378911914
2192404910
622889450
3842459213
2693025057
2043497398
3824210237
2607265121
350407463
3533368983
1509288337
4288352610
1330595397
427147911
1676355148
1306502564
492793339
3904527684
835363890
2257193471
3085215178
2153653837
2972273302
1734717215
2630996631
732176049
4087143256
519070394
1186573844
1950332311
1785545925
3224889642
2384390124
2658379365
3345680116
2620088986
2497898838
1894917565
4131863804
1262348521
3015814043
4240051962
1155993679
3879121929
4001236867
1016658530
956158107
2093682752
3953737485
2937788868
1792412256
1768992888
252514921
225909668
1742605805
3079106258
3872930087
1108272269
1675954647
21865750
3663080329
2221120557
1296586393
1663607131
279901012
230623345
2732385588
2556133368
2375416382
3012664068
2927470634
2812323844
3179659787
391395033
4236004585
1087922109
1801086371
1313700693
1213594991
2319245350
3872756820
2524867096
1072774747
4148101717
2280796947
2891626764
4004383743
3391117775
910824077
3075557468
1815673825
4101121649
265010126
925031423
492784111
1787426500
2054608848
2491088841
2077028657
2772785350
3921342311
161449926
1162611645
998354308
3418627545
1804239973
3621392502
3500673227
1728970412
1730729773
453883165
1348087078
3850854624
2160024636
2442402906
3211774152
1793399077
3102515939
2773411816
582471945
1593498274
4257602379
3792339353
3752692426
2005468851
3542841287
2327467848
570535615
247798991
3100028960
1626579977
964615387
1057647789
907328062
1682697161
4010951720
306853191
1443918616
153700022
3463904591
1890616721
3681068163
468951092
603121038
2184451067
2193910375
4103599917
3768103138
1592424040
984623202
1335214801
3481784772
24548612
4163222063
3219258058
822712970
2029238303
1647974857
1664165453
3611533796
1578894306
3273776195
2383363590
3399697365
2473901013
20856181
1128642574
474778784
986046509
1566334185
3682231209
1858278812
190346255
3391335826
3013635995
1342095167
3612394035
3917681407
2695397246
2692396707
2934632242
3775241464
328158039
401877023
1379808656
1587791350
1372026014
3075412098
290560365
765492875
981406237
1159453148
1841412562
2913052322
